810 70
0 0
0 10
0 20
10 0
10 10
10 20
20 0
20 10
20 20
30 0
30 10
30 20
40 0
40 10
40 20
40 30
40 40
40 50
40 60
40 70
40 80
40 90
40 100
40 110
40 120
50 0
50 10
50 20
50 30
50 40
50 50
50 60
50 70
50 80
50 90
50 100
50 110
50 120
60 0
60 10
60 20
70 0
70 10
70 20
80 0
80 10
80 20
90 0
90 10
90 20
-
110 50
110 60
110 70
110 80
110 90
110 100
110 110
110 120
120 20
120 30
120 40
120 50
120 60
120 70
120 80
120 90
120 100
120 110
120 120
130 10
130 20
130 30
130 40
130 50
130 60
130 70
130 80
130 90
130 100
130 110
130 120
140 10
140 20
140 30
140 80
140 90
140 100
150 0
150 10
150 20
150 80
150 90
150 100
160 0
160 10
160 20
160 80
160 90
160 100
170 0
170 10
170 20
170 80
170 90
170 100
180 0
180 10
180 20
180 80
180 90
180 100
190 10
190 20
190 30
190 40
190 50
190 60
190 70
190 80
190 90
190 100
190 110
190 120
200 10
200 20
200 30
200 40
200 50
200 60
200 70
200 80
200 90
200 100
200 110
200 120
210 30
210 40
210 50
210 60
210 70
210 80
210 90
210 100
210 110
210 120
-
240 0
240 10
240 20
240 30
240 40
240 50
240 60
240 70
240 80
240 90
240 100
240 110
240 120
250 0
250 10
250 20
250 30
250 40
250 50
250 60
250 70
250 80
250 90
250 100
250 110
250 120
260 0
260 10
260 20
260 30
260 40
260 50
260 60
260 70
260 80
260 90
260 100
260 110
260 120
270 110
270 120
280 110
280 120
290 110
290 120
300 110
300 120
310 110
310 120
320 110
320 120
330 110
330 120
-
350 0
350 10
350 20
350 30
350 40
350 50
350 60
350 70
350 80
350 90
350 100
350 110
350 120
360 0
360 10
360 20
360 30
360 40
360 50
360 60
360 70
360 80
360 90
360 100
360 110
360 120
370 0
370 10
370 20
370 30
370 40
370 50
370 60
370 70
370 80
370 90
370 100
370 110
370 120
380 0
380 10
380 20
380 50
380 60
380 70
380 110
380 120
390 0
390 10
390 20
390 50
390 60
390 70
390 110
390 120
400 0
400 10
400 20
400 50
400 60
400 70
400 110
400 120
410 0
410 10
410 20
410 50
410 60
410 70
410 110
410 120
420 0
420 10
420 20
420 110
420 120
430 0
430 10
430 20
430 110
430 120
-
460 0
460 10
460 20
460 30
460 40
460 50
460 60
460 70
460 80
460 90
460 100
460 110
460 120
470 0
470 10
470 20
470 30
470 40
470 50
470 60
470 70
470 80
470 90
470 100
470 110
470 120
480 0
480 10
480 20
480 30
480 40
480 50
480 60
480 70
480 80
480 90
480 100
480 110
480 120
490 10
490 20
490 30
490 40
490 50
500 20
500 30
500 40
500 50
500 60
500 70
510 40
510 50
510 60
510 70
510 80
520 60
520 70
520 80
520 90
520 100
530 80
530 90
530 100
530 110
530 120
540 0
540 10
540 20
540 30
540 40
540 50
540 60
540 70
540 80
540 90
540 100
540 110
540 120
550 0
550 10
550 20
550 30
550 40
550 50
550 60
550 70
550 80
550 90
550 100
550 110
550 120
560 0
560 10
560 20
560 30
560 40
560 50
560 60
560 70
560 80
560 90
560 100
560 110
560 120
-
580 0
580 10
580 20
590 0
590 10
590 20
600 0
600 10
600 20
610 0
610 10
610 20
620 0
620 10
620 20
620 30
620 40
620 50
620 60
620 70
620 80
620 90
620 100
620 110
620 120
630 0
630 10
630 20
630 30
630 40
630 50
630 60
630 70
630 80
630 90
630 100
630 110
630 120
640 0
640 10
640 20
640 30
640 40
640 50
640 60
640 70
640 80
640 90
640 100
640 110
640 120
650 0
650 10
650 20
660 0
660 10
660 20
670 0
670 10
670 20
680 0
680 10
680 20
-
700 0
700 10
700 20
700 30
700 40
700 50
700 60
700 70
700 80
700 90
700 100
700 110
700 120
710 0
710 10
710 20
710 30
710 40
710 50
710 60
710 70
710 80
710 90
710 100
710 110
710 120
720 0
720 10
720 20
720 30
720 40
720 50
720 60
720 70
720 80
720 90
720 100
720 110
720 120
730 0
730 10
730 20
730 50
730 60
730 70
730 110
730 120
740 0
740 10
740 20
740 50
740 60
740 70
740 110
740 120
750 0
750 10
750 20
750 50
750 60
750 70
750 110
750 120
760 0
760 10
760 20
760 50
760 60
760 70
760 110
760 120
770 0
770 10
770 20
770 110
770 120
780 0
780 10
780 20
780 110
780 120
-
810 0
810 10
810 20
810 30
810 40
810 50
810 60
810 70
810 80
810 90
810 100
810 110
810 120
820 0
820 10
820 20
820 30
820 40
820 50
820 60
820 70
820 80
820 90
820 100
820 110
820 120
830 0
830 10
830 20
830 30
830 40
830 50
830 60
830 70
830 80
830 90
830 100
830 110
830 120
840 0
840 10
840 20
840 110
840 120
850 0
850 10
850 20
850 110
850 120
860 0
860 10
860 20
860 100
860 110
860 120
870 0
870 10
870 20
870 30
870 100
870 110
870 120
880 10
880 20
880 30
880 40
880 90
880 100
880 110
880 120
890 20
890 30
890 40
890 50
890 60
890 70
890 80
890 90
890 100
890 110
900 30
900 40
900 50
900 60
900 70
900 80
900 90
900 100
910 40
910 50
910 60
910 70
910 80
-